(kicad_pcb (version 20171130) (host pcbnew "(5.1.10)-1")

  (general
    (thickness 1.6)
    (drawings 8)
    (tracks 0)
    (zones 0)
    (modules 120)
    (nets 115)
  )

  (page A4)
  (layers
    (0 F.Cu signal)
    (1 In1.Cu power)
    (2 In2.Cu power)
    (31 B.Cu signal)
    (32 B.Adhes user)
    (33 F.Adhes user)
    (34 B.Paste user)
    (35 F.Paste user)
    (36 B.SilkS user)
    (37 F.SilkS user)
    (38 B.Mask user)
    (39 F.Mask user)
    (40 Dwgs.User user)
    (41 Cmts.User user)
    (42 Eco1.User user)
    (43 Eco2.User user)
    (44 Edge.Cuts user)
    (45 Margin user)
    (46 B.CrtYd user)
    (47 F.CrtYd user)
    (48 B.Fab user hide)
    (49 F.Fab user hide)
  )

  (setup
    (last_trace_width 0.25)
    (user_trace_width 0.3)
    (user_trace_width 0.5)
    (user_trace_width 0.75)
    (user_trace_width 1)
    (trace_clearance 0.2)
    (zone_clearance 0.508)
    (zone_45_only no)
    (trace_min 0.2)
    (via_size 0.8)
    (via_drill 0.4)
    (via_min_size 0.4)
    (via_min_drill 0.3)
    (uvia_size 0.3)
    (uvia_drill 0.1)
    (uvias_allowed no)
    (uvia_min_size 0.2)
    (uvia_min_drill 0.1)
    (edge_width 0.05)
    (segment_width 0.2)
    (pcb_text_width 0.3)
    (pcb_text_size 1.5 1.5)
    (mod_edge_width 0.12)
    (mod_text_size 1 1)
    (mod_text_width 0.15)
    (pad_size 1.524 1.524)
    (pad_drill 0.762)
    (pad_to_mask_clearance 0)
    (aux_axis_origin 0 0)
    (visible_elements 7FFFFFFF)
    (pcbplotparams
      (layerselection 0x010fc_ffffffff)
      (usegerberextensions false)
      (usegerberattributes true)
      (usegerberadvancedattributes true)
      (creategerberjobfile true)
      (excludeedgelayer true)
      (linewidth 0.100000)
      (plotframeref false)
      (viasonmask false)
      (mode 1)
      (useauxorigin false)
      (hpglpennumber 1)
      (hpglpenspeed 20)
      (hpglpendiameter 15.000000)
      (psnegative false)
      (psa4output false)
      (plotreference true)
      (plotvalue true)
      (plotinvisibletext false)
      (padsonsilk false)
      (subtractmaskfromsilk false)
      (outputformat 1)
      (mirror false)
      (drillshape 1)
      (scaleselection 1)
      (outputdirectory ""))
  )

  (net 0 "")
  (net 1 "Net-(C1-Pad1)")
  (net 2 GND)
  (net 3 "Net-(C2-Pad2)")
  (net 4 "Net-(C3-Pad2)")
  (net 5 "Net-(C4-Pad2)")
  (net 6 +3V3)
  (net 7 "Net-(C13-Pad2)")
  (net 8 "Net-(C14-Pad1)")
  (net 9 "Net-(C15-Pad1)")
  (net 10 UFP1_VBUS)
  (net 11 "Net-(C23-Pad2)")
  (net 12 "Net-(C24-Pad1)")
  (net 13 BOOT0)
  (net 14 NRST)
  (net 15 "Net-(C28-Pad1)")
  (net 16 "Net-(C30-Pad2)")
  (net 17 "Net-(C31-Pad2)")
  (net 18 "Net-(C33-Pad2)")
  (net 19 "Net-(C34-Pad1)")
  (net 20 "Net-(C34-Pad2)")
  (net 21 "Net-(C35-Pad2)")
  (net 22 "Net-(C36-Pad1)")
  (net 23 "Net-(C37-Pad1)")
  (net 24 "Net-(D1-Pad1)")
  (net 25 "Net-(D1-Pad2)")
  (net 26 "Net-(D2-Pad2)")
  (net 27 "Net-(D2-Pad1)")
  (net 28 "Net-(D3-Pad2)")
  (net 29 "Net-(D3-Pad1)")
  (net 30 "Net-(D4-Pad1)")
  (net 31 "Net-(D4-Pad2)")
  (net 32 "Net-(D5-Pad2)")
  (net 33 "Net-(D5-Pad1)")
  (net 34 "Net-(D6-Pad2)")
  (net 35 "Net-(D6-Pad1)")
  (net 36 "Net-(D7-Pad1)")
  (net 37 "Net-(D7-Pad2)")
  (net 38 "Net-(D8-Pad1)")
  (net 39 "Net-(D8-Pad2)")
  (net 40 "Net-(D9-Pad2)")
  (net 41 UI_LED1)
  (net 42 UI_LED2)
  (net 43 "Net-(D10-Pad2)")
  (net 44 "Net-(D11-Pad2)")
  (net 45 UI_LED3)
  (net 46 UI_LED4)
  (net 47 "Net-(D12-Pad2)")
  (net 48 CC1)
  (net 49 "Net-(J1-PadA8)")
  (net 50 "Net-(J1-PadB8)")
  (net 51 UFP1_D-)
  (net 52 UFP1_D+)
  (net 53 CC2)
  (net 54 UFP2_VBUS)
  (net 55 UFP2_CONN_D-)
  (net 56 UFP2_CONN_D+)
  (net 57 DFP2_CONN_D+)
  (net 58 DFP2_CONN_D-)
  (net 59 UFP3_CONN_D+)
  (net 60 UFP3_CONN_D-)
  (net 61 UFP3_VBUS)
  (net 62 DFP3_CONN_D-)
  (net 63 DFP3_CONN_D+)
  (net 64 "Net-(J6-Pad1)")
  (net 65 "Net-(J6-Pad2)")
  (net 66 SWDIO)
  (net 67 SWCLK)
  (net 68 SWO)
  (net 69 "Net-(J6-Pad9)")
  (net 70 "Net-(J6-Pad10)")
  (net 71 "Net-(J6-Pad11)")
  (net 72 LPUART1_RX)
  (net 73 LPUART1_TX)
  (net 74 UFP4_VBUS)
  (net 75 UFP4_CONN_D-)
  (net 76 UFP4_CONN_D+)
  (net 77 DFP4_CONN_D-)
  (net 78 DFP4_CONN_D+)
  (net 79 IFP_VBUS)
  (net 80 HUB_RESET)
  (net 81 "Net-(R4-Pad1)")
  (net 82 "Net-(R12-Pad1)")
  (net 83 "Net-(R13-Pad1)")
  (net 84 "Net-(R14-Pad1)")
  (net 85 I2C1_SCL)
  (net 86 I2C1_SDA)
  (net 87 "Net-(R32-Pad2)")
  (net 88 "Net-(R35-Pad2)")
  (net 89 IFP_D+)
  (net 90 IFP_D-)
  (net 91 DFP1_D-)
  (net 92 DFP1_D+)
  (net 93 DFP2_D+)
  (net 94 DFP2_D-)
  (net 95 DFP3_D-)
  (net 96 DFP3_D+)
  (net 97 DFP4_D+)
  (net 98 DFP4_D-)
  (net 99 DFP4_EN)
  (net 100 DFP4_OCSn)
  (net 101 DFP3_EN)
  (net 102 DFP3_OCSn)
  (net 103 DFP2_EN)
  (net 104 DFP2_OCSn)
  (net 105 "Net-(U2-Pad45)")
  (net 106 "Net-(U2-Pad46)")
  (net 107 UFP2_D+)
  (net 108 UFP2_D-)
  (net 109 UFP3_D-)
  (net 110 UFP3_D+)
  (net 111 UFP4_D-)
  (net 112 UFP4_D+)
  (net 113 "Net-(U7-Pad18)")
  (net 114 I2C1_SMBA)

  (net_class Default "This is the default net class."
    (clearance 0.2)
    (trace_width 0.25)
    (via_dia 0.8)
    (via_drill 0.4)
    (uvia_dia 0.3)
    (uvia_drill 0.1)
    (add_net +3V3)
    (add_net BOOT0)
    (add_net CC1)
    (add_net CC2)
    (add_net DFP1_D+)
    (add_net DFP1_D-)
    (add_net DFP2_CONN_D+)
    (add_net DFP2_CONN_D-)
    (add_net DFP2_D+)
    (add_net DFP2_D-)
    (add_net DFP2_EN)
    (add_net DFP2_OCSn)
    (add_net DFP3_CONN_D+)
    (add_net DFP3_CONN_D-)
    (add_net DFP3_D+)
    (add_net DFP3_D-)
    (add_net DFP3_EN)
    (add_net DFP3_OCSn)
    (add_net DFP4_CONN_D+)
    (add_net DFP4_CONN_D-)
    (add_net DFP4_D+)
    (add_net DFP4_D-)
    (add_net DFP4_EN)
    (add_net DFP4_OCSn)
    (add_net GND)
    (add_net HUB_RESET)
    (add_net I2C1_SCL)
    (add_net I2C1_SDA)
    (add_net I2C1_SMBA)
    (add_net IFP_D+)
    (add_net IFP_D-)
    (add_net IFP_VBUS)
    (add_net LPUART1_RX)
    (add_net LPUART1_TX)
    (add_net NRST)
    (add_net "Net-(C1-Pad1)")
    (add_net "Net-(C13-Pad2)")
    (add_net "Net-(C14-Pad1)")
    (add_net "Net-(C15-Pad1)")
    (add_net "Net-(C2-Pad2)")
    (add_net "Net-(C23-Pad2)")
    (add_net "Net-(C24-Pad1)")
    (add_net "Net-(C28-Pad1)")
    (add_net "Net-(C3-Pad2)")
    (add_net "Net-(C30-Pad2)")
    (add_net "Net-(C31-Pad2)")
    (add_net "Net-(C33-Pad2)")
    (add_net "Net-(C34-Pad1)")
    (add_net "Net-(C34-Pad2)")
    (add_net "Net-(C35-Pad2)")
    (add_net "Net-(C36-Pad1)")
    (add_net "Net-(C37-Pad1)")
    (add_net "Net-(C4-Pad2)")
    (add_net "Net-(D1-Pad1)")
    (add_net "Net-(D1-Pad2)")
    (add_net "Net-(D10-Pad2)")
    (add_net "Net-(D11-Pad2)")
    (add_net "Net-(D12-Pad2)")
    (add_net "Net-(D2-Pad1)")
    (add_net "Net-(D2-Pad2)")
    (add_net "Net-(D3-Pad1)")
    (add_net "Net-(D3-Pad2)")
    (add_net "Net-(D4-Pad1)")
    (add_net "Net-(D4-Pad2)")
    (add_net "Net-(D5-Pad1)")
    (add_net "Net-(D5-Pad2)")
    (add_net "Net-(D6-Pad1)")
    (add_net "Net-(D6-Pad2)")
    (add_net "Net-(D7-Pad1)")
    (add_net "Net-(D7-Pad2)")
    (add_net "Net-(D8-Pad1)")
    (add_net "Net-(D8-Pad2)")
    (add_net "Net-(D9-Pad2)")
    (add_net "Net-(J1-PadA8)")
    (add_net "Net-(J1-PadB8)")
    (add_net "Net-(J6-Pad1)")
    (add_net "Net-(J6-Pad10)")
    (add_net "Net-(J6-Pad11)")
    (add_net "Net-(J6-Pad2)")
    (add_net "Net-(J6-Pad9)")
    (add_net "Net-(R12-Pad1)")
    (add_net "Net-(R13-Pad1)")
    (add_net "Net-(R14-Pad1)")
    (add_net "Net-(R32-Pad2)")
    (add_net "Net-(R35-Pad2)")
    (add_net "Net-(R4-Pad1)")
    (add_net "Net-(U2-Pad45)")
    (add_net "Net-(U2-Pad46)")
    (add_net "Net-(U7-Pad18)")
    (add_net SWCLK)
    (add_net SWDIO)
    (add_net SWO)
    (add_net UFP1_D+)
    (add_net UFP1_D-)
    (add_net UFP1_VBUS)
    (add_net UFP2_CONN_D+)
    (add_net UFP2_CONN_D-)
    (add_net UFP2_D+)
    (add_net UFP2_D-)
    (add_net UFP2_VBUS)
    (add_net UFP3_CONN_D+)
    (add_net UFP3_CONN_D-)
    (add_net UFP3_D+)
    (add_net UFP3_D-)
    (add_net UFP3_VBUS)
    (add_net UFP4_CONN_D+)
    (add_net UFP4_CONN_D-)
    (add_net UFP4_D+)
    (add_net UFP4_D-)
    (add_net UFP4_VBUS)
    (add_net UI_LED1)
    (add_net UI_LED2)
    (add_net UI_LED3)
    (add_net UI_LED4)
  )

  (module FTSH-107-01-L-DV-K-A:FTSH-107-01-L-DV-K-A (layer F.Cu) (tedit 6151965B) (tstamp 61518F30)
    (at 20.32 73.66 270)
    (descr FTSH-107-XX-YYY-DV-K-A)
    (tags Connector)
    (path /61F739E3)
    (fp_text reference J6 (at 0 0 270) (layer F.SilkS)
      (effects (font (size 1.27 1.27) (thickness 0.254)))
    )
    (fp_text value STDC14 (at 6.985 0 180) (layer F.SilkS)
      (effects (font (size 1.27 1.27) (thickness 0.254)))
    )
    (fp_text user %R (at 0 0 270) (layer F.Fab)
      (effects (font (size 1.27 1.27) (thickness 0.254)))
    )
    (fp_line (start -4.445 -1.715) (end 4.445 -1.715) (layer F.Fab) (width 0.2))
    (fp_line (start 4.445 -1.715) (end 4.445 1.715) (layer F.Fab) (width 0.2))
    (fp_line (start 4.445 1.715) (end -4.445 1.715) (layer F.Fab) (width 0.2))
    (fp_line (start -4.445 1.715) (end -4.445 -1.715) (layer F.Fab) (width 0.2))
    (fp_line (start 4.445 -1.715) (end 4.445 1.715) (layer F.SilkS) (width 0.1))
    (fp_line (start -4.445 1.715) (end -4.445 -1.715) (layer F.SilkS) (width 0.1))
    (fp_line (start -5.645 -4.43) (end 5.645 -4.43) (layer F.CrtYd) (width 0.05))
    (fp_line (start 5.645 -4.43) (end 5.645 4.885) (layer F.CrtYd) (width 0.05))
    (fp_line (start 5.645 4.885) (end -5.645 4.885) (layer F.CrtYd) (width 0.05))
    (fp_line (start -5.645 4.885) (end -5.645 -4.43) (layer F.CrtYd) (width 0.05))
    (fp_circle (center -3.835 3.785) (end -3.835 3.835) (layer F.SilkS) (width 0.2))
    (pad 16 np_thru_hole circle (at 3.175 0 270) (size 1.02 0) (drill 1.02) (layers *.Cu *.Mask))
    (pad 15 np_thru_hole circle (at -3.175 0 270) (size 1.02 0) (drill 1.02) (layers *.Cu *.Mask))
    (pad 14 smd rect (at 3.81 -2.035 270) (size 0.74 2.79) (layers F.Cu F.Paste F.Mask)
      (net 73 LPUART1_TX))
    (pad 13 smd rect (at 3.81 2.035 270) (size 0.74 2.79) (layers F.Cu F.Paste F.Mask)
      (net 72 LPUART1_RX))
    (pad 12 smd rect (at 2.54 -2.035 270) (size 0.74 2.79) (layers F.Cu F.Paste F.Mask)
      (net 14 NRST))
    (pad 11 smd rect (at 2.54 2.035 270) (size 0.74 2.79) (layers F.Cu F.Paste F.Mask)
      (net 71 "Net-(J6-Pad11)"))
    (pad 10 smd rect (at 1.27 -2.035 270) (size 0.74 2.79) (layers F.Cu F.Paste F.Mask)
      (net 70 "Net-(J6-Pad10)"))
    (pad 9 smd rect (at 1.27 2.035 270) (size 0.74 2.79) (layers F.Cu F.Paste F.Mask)
      (net 69 "Net-(J6-Pad9)"))
    (pad 8 smd rect (at 0 -2.035 270) (size 0.74 2.79) (layers F.Cu F.Paste F.Mask)
      (net 68 SWO))
    (pad 7 smd rect (at 0 2.035 270) (size 0.74 2.79) (layers F.Cu F.Paste F.Mask)
      (net 2 GND))
    (pad 6 smd rect (at -1.27 -2.035 270) (size 0.74 2.79) (layers F.Cu F.Paste F.Mask)
      (net 67 SWCLK))
    (pad 5 smd rect (at -1.27 2.035 270) (size 0.74 2.79) (layers F.Cu F.Paste F.Mask)
      (net 2 GND))
    (pad 4 smd rect (at -2.54 -2.035 270) (size 0.74 2.79) (layers F.Cu F.Paste F.Mask)
      (net 66 SWDIO))
    (pad 3 smd rect (at -2.54 2.035 270) (size 0.74 2.79) (layers F.Cu F.Paste F.Mask)
      (net 6 +3V3))
    (pad 2 smd rect (at -3.81 -2.035 270) (size 0.74 2.79) (layers F.Cu F.Paste F.Mask)
      (net 65 "Net-(J6-Pad2)"))
    (pad 1 smd rect (at -3.81 2.035 270) (size 0.74 2.79) (layers F.Cu F.Paste F.Mask)
      (net 64 "Net-(J6-Pad1)"))
    (model "C:\\Users\\alex\\Documents\\Library Loader\\SamacSys_Parts.3dshapes\\FTSH-107-01-L-DV-K-A.stp"
      (offset (xyz -4.45 0 0))
      (scale (xyz 1 1 1))
      (rotate (xyz -90 0 0))
    )
  )

  (module AMOGUS:SUS (layer F.Cu) (tedit 6151943B) (tstamp 6152C379)
    (at 84.836 98.044)
    (path /615445FF)
    (fp_text reference SYM1 (at 0 0.5) (layer F.SilkS) hide
      (effects (font (size 1 1) (thickness 0.15)))
    )
    (fp_text value AMOGUS (at 0 -0.5) (layer F.Fab)
      (effects (font (size 1 1) (thickness 0.15)))
    )
    (fp_curve (pts (xy 2.049445 -6.685761) (xy 3.34614 -6.296752) (xy 3.868407 -3.776144) (xy 3.969445 -2.765761)) (layer F.SilkS) (width 0.2))
    (fp_curve (pts (xy 3.969445 -2.765761) (xy 4.070589 -1.754319) (xy 4.149047 -0.740451) (xy 4.209445 0.274239)) (layer F.SilkS) (width 0.2))
    (fp_curve (pts (xy 4.209445 0.274239) (xy 4.282401 1.499896) (xy 4.369445 2.726414) (xy 4.369445 3.954239)) (layer F.SilkS) (width 0.2))
    (fp_curve (pts (xy 0.069772 -5.533306) (xy 1.238541 -5.529262) (xy 2.405304 -4.945579) (xy 2.403298 -4.365941)) (layer F.SilkS) (width 0.2))
    (fp_curve (pts (xy -2.271776 -4.382116) (xy -2.269771 -4.961755) (xy -1.098997 -5.53735) (xy 0.069772 -5.533306)) (layer F.SilkS) (width 0.2))
    (fp_curve (pts (xy 2.403298 -4.365941) (xy 2.401293 -3.786302) (xy 1.230519 -3.210707) (xy 0.06175 -3.214751)) (layer F.SilkS) (width 0.2))
    (fp_curve (pts (xy 4.369445 3.954239) (xy 4.369445 5.989742) (xy 4.386831 6.606762) (xy 2.449445 6.994239)) (layer F.SilkS) (width 0.2))
    (fp_curve (pts (xy 0.06175 -3.214751) (xy -1.107019 -3.218795) (xy -2.273782 -3.802477) (xy -2.271776 -4.382116)) (layer F.SilkS) (width 0.2))
    (fp_curve (pts (xy 0.449445 2.114239) (xy -5.606765 1.357213) (xy -0.20818 4.929937) (xy -3.870555 5.634239)) (layer F.SilkS) (width 0.2))
    (fp_curve (pts (xy 1.089445 2.434239) (xy 0.894047 2.297461) (xy 0.686117 2.143823) (xy 0.449445 2.114239)) (layer F.SilkS) (width 0.2))
    (fp_curve (pts (xy -0.830555 6.514239) (xy -0.961599 4.941714) (xy 0.912248 5.749496) (xy 1.169445 5.314239)) (layer F.SilkS) (width 0.2))
    (fp_curve (pts (xy 1.489445 7.154239) (xy 1.341106 7.159025) (xy -0.768282 7.261512) (xy -0.830555 6.514239)) (layer F.SilkS) (width 0.2))
    (fp_curve (pts (xy -1.550555 -7.005761) (xy 0.209624 -7.09377) (xy 0.753252 -7.074619) (xy 2.049445 -6.685761)) (layer F.SilkS) (width 0.2))
    (fp_curve (pts (xy 1.169445 5.314239) (xy 1.353719 5.002391) (xy 1.746386 2.894098) (xy 1.089445 2.434239)) (layer F.SilkS) (width 0.2))
    (fp_curve (pts (xy -3.230555 -3.805761) (xy -3.075315 -4.313819) (xy -2.616498 -6.952463) (xy -1.550555 -7.005761)) (layer F.SilkS) (width 0.2))
    (fp_curve (pts (xy -4.270555 0.674239) (xy -4.025142 -0.84732) (xy -3.680852 -2.332061) (xy -3.230555 -3.805761)) (layer F.SilkS) (width 0.2))
    (fp_curve (pts (xy 2.449445 6.994239) (xy 2.131331 7.057862) (xy 1.813691 7.14378) (xy 1.489445 7.154239)) (layer F.SilkS) (width 0.2))
    (fp_curve (pts (xy -4.990555 4.274239) (xy -4.479356 3.251843) (xy -4.452111 1.799887) (xy -4.270555 0.674239)) (layer F.SilkS) (width 0.2))
    (fp_curve (pts (xy -3.870555 5.634239) (xy -7.87736 6.404779) (xy -8.612551 3.469351) (xy -4.990555 4.274239)) (layer F.SilkS) (width 0.2))
  )

  (module DX07S016JA1R1500:DX07S016JA1R1500 (layer F.Cu) (tedit 61518EC1) (tstamp 61514637)
    (at 33.02 20.32 180)
    (path /61543DAD)
    (fp_text reference J1 (at -1.325 -3.385) (layer F.SilkS)
      (effects (font (size 1 1) (thickness 0.15)))
    )
    (fp_text value USB_C_Receptacle_USB2.0 (at 8.2 6.635) (layer F.Fab)
      (effects (font (size 1 1) (thickness 0.15)))
    )
    (fp_line (start 4.47 -1.35) (end 4.47 5.05) (layer F.Fab) (width 0.127))
    (fp_line (start 4.47 5.05) (end 4.47 5.55) (layer F.Fab) (width 0.127))
    (fp_line (start 4.47 5.55) (end -4.47 5.55) (layer F.Fab) (width 0.127))
    (fp_line (start -4.47 5.55) (end -4.47 5.05) (layer F.Fab) (width 0.127))
    (fp_line (start -4.47 5.05) (end -4.47 -1.35) (layer F.Fab) (width 0.127))
    (fp_line (start -4.47 -1.35) (end 4.47 -1.35) (layer F.Fab) (width 0.127))
    (fp_line (start 4.47 0.805) (end 4.47 1.57) (layer F.SilkS) (width 0.127))
    (fp_line (start 4.47 4.63) (end 4.47 5.05) (layer F.SilkS) (width 0.127))
    (fp_line (start 4.47 5.05) (end -4.47 5.05) (layer F.SilkS) (width 0.127))
    (fp_line (start -4.47 5.05) (end -4.47 4.63) (layer F.SilkS) (width 0.127))
    (fp_line (start -4.47 0.805) (end -4.47 1.57) (layer F.SilkS) (width 0.127))
    (fp_line (start 4.47 5.05) (end 9.75 5.05) (layer F.Fab) (width 0.127))
    (fp_line (start 4.47 5.05) (end -4.47 5.05) (layer F.Fab) (width 0.127))
    (fp_line (start -5.17 5.8) (end -5.17 -2.135) (layer F.CrtYd) (width 0.05))
    (fp_line (start -5.17 -2.135) (end 5.17 -2.135) (layer F.CrtYd) (width 0.05))
    (fp_line (start 5.17 -2.135) (end 5.17 5.8) (layer F.CrtYd) (width 0.05))
    (fp_line (start 5.17 5.8) (end -5.17 5.8) (layer F.CrtYd) (width 0.05))
    (fp_circle (center -3.1 -2.5) (end -3 -2.5) (layer F.Fab) (width 0.2))
    (fp_circle (center -3.1 -2.5) (end -3 -2.5) (layer F.SilkS) (width 0.2))
    (fp_line (start 2.875 -0.315) (end 3.125 -0.315) (layer Edge.Cuts) (width 0.1))
    (fp_line (start 3.125 0.315) (end 2.875 0.315) (layer Edge.Cuts) (width 0.1))
    (fp_arc (start 2.875 0) (end 2.875 -0.315) (angle -90) (layer Edge.Cuts) (width 0.1))
    (fp_arc (start 2.875 0) (end 2.56 0) (angle -90) (layer Edge.Cuts) (width 0.1))
    (fp_arc (start 3.125 0) (end 3.125 0.315) (angle -90) (layer Edge.Cuts) (width 0.1))
    (fp_arc (start 3.125 0) (end 3.44 0) (angle -90) (layer Edge.Cuts) (width 0.1))
    (fp_text user PCB-EDGE (at 5.5 4.75) (layer F.Fab)
      (effects (font (size 0.48 0.48) (thickness 0.15)))
    )
    (pad A9 smd rect (at 2.35 -1.1 180) (size 0.52 1) (layers F.Cu F.Paste F.Mask)
      (net 10 UFP1_VBUS))
    (pad B9 smd rect (at -2.35 -1.1 180) (size 0.52 1) (layers F.Cu F.Paste F.Mask)
      (net 10 UFP1_VBUS))
    (pad A12 smd rect (at 3.1 -1.1 180) (size 0.52 1) (layers F.Cu F.Paste F.Mask)
      (net 2 GND))
    (pad A1 smd rect (at -3.1 -1.1 180) (size 0.52 1) (layers F.Cu F.Paste F.Mask)
      (net 2 GND))
    (pad S1 thru_hole oval (at 4.32 3.1 180) (size 1.2 2.4) (drill oval 0.65 1.95) (layers *.Cu *.Mask)
      (net 4 "Net-(C3-Pad2)"))
    (pad S1 thru_hole oval (at -4.32 3.1 180) (size 1.2 2.4) (drill oval 0.65 1.95) (layers *.Cu *.Mask)
      (net 4 "Net-(C3-Pad2)"))
    (pad S1 thru_hole oval (at 4.32 -0.725 180) (size 1.158 2.316) (drill oval 0.65 1.65) (layers *.Cu *.Mask)
      (net 4 "Net-(C3-Pad2)"))
    (pad S1 thru_hole oval (at -4.32 -0.725 180) (size 1.158 2.316) (drill oval 0.65 1.65) (layers *.Cu *.Mask)
      (net 4 "Net-(C3-Pad2)"))
    (pad None np_thru_hole circle (at -3 0 180) (size 0.63 0.63) (drill 0.63) (layers *.Cu *.Mask))
    (pad S1 smd rect (at 1.4 3.1 180) (size 1 2) (layers F.Cu F.Paste F.Mask)
      (net 4 "Net-(C3-Pad2)"))
    (pad S1 smd rect (at -1.4 3.1 180) (size 1 2) (layers F.Cu F.Paste F.Mask)
      (net 4 "Net-(C3-Pad2)"))
    (pad None np_thru_hole circle (at 3 0 180) (size 0.63 0.63) (drill 0.63) (layers *.Cu *.Mask))
    (pad None np_thru_hole circle (at 3 0 180) (size 0.6 0.6) (drill 0.6) (layers *.Cu *.Mask))
    (pad B5 smd rect (at 1.25 -1.1 180) (size 0.27 1) (layers F.Cu F.Paste F.Mask)
      (net 53 CC2))
    (pad A7 smd rect (at 0.75 -1.1 180) (size 0.27 1) (layers F.Cu F.Paste F.Mask)
      (net 51 UFP1_D-))
    (pad B6 smd rect (at 0.25 -1.1 180) (size 0.27 1) (layers F.Cu F.Paste F.Mask)
      (net 52 UFP1_D+))
    (pad A6 smd rect (at -0.25 -1.1 180) (size 0.27 1) (layers F.Cu F.Paste F.Mask)
      (net 52 UFP1_D+))
    (pad B7 smd rect (at -0.75 -1.1 180) (size 0.27 1) (layers F.Cu F.Paste F.Mask)
      (net 51 UFP1_D-))
    (pad B8 smd rect (at -1.25 -1.1 180) (size 0.27 1) (layers F.Cu F.Paste F.Mask)
      (net 50 "Net-(J1-PadB8)"))
    (pad A8 smd rect (at 1.75 -1.1 180) (size 0.27 1) (layers F.Cu F.Paste F.Mask)
      (net 49 "Net-(J1-PadA8)"))
    (pad A5 smd rect (at -1.75 -1.1 180) (size 0.27 1) (layers F.Cu F.Paste F.Mask)
      (net 48 CC1))
    (pad B4 smd rect (at 2.35 -1.1 180) (size 0.52 1) (layers F.Cu F.Paste F.Mask)
      (net 10 UFP1_VBUS))
    (pad A4 smd rect (at -2.35 -1.1 180) (size 0.52 1) (layers F.Cu F.Paste F.Mask)
      (net 10 UFP1_VBUS))
    (pad B1 smd rect (at 3.1 -1.1 180) (size 0.52 1) (layers F.Cu F.Paste F.Mask)
      (net 2 GND))
    (pad B12 smd rect (at -3.1 -1.1 180) (size 0.52 1) (layers F.Cu F.Paste F.Mask)
      (net 2 GND))
  )

  (module Capacitor_SMD:C_0805_2012Metric (layer F.Cu) (tedit 5F68FEEE) (tstamp 61512A82)
    (at 69.215 73.66)
    (descr "Capacitor SMD 0805 (2012 Metric), square (rectangular) end terminal, IPC_7351 nominal, (Body size source: IPC-SM-782 page 76, https://www.pcb-3d.com/wordpress/wp-content/uploads/ipc-sm-782a_amendment_1_and_2.pdf, https://docs.google.com/spreadsheets/d/1BsfQQcO9C6DZCsRaXUlFlo91Tg2WpOkGARC1WS5S8t0/edit?usp=sharing), generated with kicad-footprint-generator")
    (tags capacitor)
    (path /6173FACF)
    (attr smd)
    (fp_text reference C1 (at 0 -1.68) (layer F.SilkS)
      (effects (font (size 1 1) (thickness 0.15)))
    )
    (fp_text value 15pF (at 0 1.68) (layer F.Fab)
      (effects (font (size 1 1) (thickness 0.15)))
    )
    (fp_line (start 1.7 0.98) (end -1.7 0.98) (layer F.CrtYd) (width 0.05))
    (fp_line (start 1.7 -0.98) (end 1.7 0.98) (layer F.CrtYd) (width 0.05))
    (fp_line (start -1.7 -0.98) (end 1.7 -0.98) (layer F.CrtYd) (width 0.05))
    (fp_line (start -1.7 0.98) (end -1.7 -0.98) (layer F.CrtYd) (width 0.05))
    (fp_line (start -0.261252 0.735) (end 0.261252 0.735) (layer F.SilkS) (width 0.12))
    (fp_line (start -0.261252 -0.735) (end 0.261252 -0.735) (layer F.SilkS) (width 0.12))
    (fp_line (start 1 0.625) (end -1 0.625) (layer F.Fab) (width 0.1))
    (fp_line (start 1 -0.625) (end 1 0.625) (layer F.Fab) (width 0.1))
    (fp_line (start -1 -0.625) (end 1 -0.625) (layer F.Fab) (width 0.1))
    (fp_line (start -1 0.625) (end -1 -0.625) (layer F.Fab) (width 0.1))
    (fp_text user %R (at 0 0) (layer F.Fab)
      (effects (font (size 0.5 0.5) (thickness 0.08)))
    )
    (pad 1 smd roundrect (at -0.95 0) (size 1 1.45) (layers F.Cu F.Paste F.Mask) (roundrect_rratio 0.25)
      (net 1 "Net-(C1-Pad1)"))
    (pad 2 smd roundrect (at 0.95 0) (size 1 1.45) (layers F.Cu F.Paste F.Mask) (roundrect_rratio 0.25)
      (net 2 GND))
    (model ${KISYS3DMOD}/Capacitor_SMD.3dshapes/C_0805_2012Metric.wrl
      (at (xyz 0 0 0))
      (scale (xyz 1 1 1))
      (rotate (xyz 0 0 0))
    )
  )

  (module Capacitor_SMD:C_0805_2012Metric (layer F.Cu) (tedit 5F68FEEE) (tstamp 61512A93)
    (at 74.295 73.66)
    (descr "Capacitor SMD 0805 (2012 Metric), square (rectangular) end terminal, IPC_7351 nominal, (Body size source: IPC-SM-782 page 76, https://www.pcb-3d.com/wordpress/wp-content/uploads/ipc-sm-782a_amendment_1_and_2.pdf, https://docs.google.com/spreadsheets/d/1BsfQQcO9C6DZCsRaXUlFlo91Tg2WpOkGARC1WS5S8t0/edit?usp=sharing), generated with kicad-footprint-generator")
    (tags capacitor)
    (path /617411C8)
    (attr smd)
    (fp_text reference C2 (at 0 -1.68) (layer F.SilkS)
      (effects (font (size 1 1) (thickness 0.15)))
    )
    (fp_text value 15pF (at 0 1.68) (layer F.Fab)
      (effects (font (size 1 1) (thickness 0.15)))
    )
    (fp_line (start -1 0.625) (end -1 -0.625) (layer F.Fab) (width 0.1))
    (fp_line (start -1 -0.625) (end 1 -0.625) (layer F.Fab) (width 0.1))
    (fp_line (start 1 -0.625) (end 1 0.625) (layer F.Fab) (width 0.1))
    (fp_line (start 1 0.625) (end -1 0.625) (layer F.Fab) (width 0.1))
    (fp_line (start -0.261252 -0.735) (end 0.261252 -0.735) (layer F.SilkS) (width 0.12))
    (fp_line (start -0.261252 0.735) (end 0.261252 0.735) (layer F.SilkS) (width 0.12))
    (fp_line (start -1.7 0.98) (end -1.7 -0.98) (layer F.CrtYd) (width 0.05))
    (fp_line (start -1.7 -0.98) (end 1.7 -0.98) (layer F.CrtYd) (width 0.05))
    (fp_line (start 1.7 -0.98) (end 1.7 0.98) (layer F.CrtYd) (width 0.05))
    (fp_line (start 1.7 0.98) (end -1.7 0.98) (layer F.CrtYd) (width 0.05))
    (fp_text user %R (at 0 0) (layer F.Fab)
      (effects (font (size 0.5 0.5) (thickness 0.08)))
    )
    (pad 2 smd roundrect (at 0.95 0) (size 1 1.45) (layers F.Cu F.Paste F.Mask) (roundrect_rratio 0.25)
      (net 3 "Net-(C2-Pad2)"))
    (pad 1 smd roundrect (at -0.95 0) (size 1 1.45) (layers F.Cu F.Paste F.Mask) (roundrect_rratio 0.25)
      (net 2 GND))
    (model ${KISYS3DMOD}/Capacitor_SMD.3dshapes/C_0805_2012Metric.wrl
      (at (xyz 0 0 0))
      (scale (xyz 1 1 1))
      (rotate (xyz 0 0 0))
    )
  )

  (module Capacitor_SMD:C_0805_2012Metric (layer F.Cu) (tedit 5F68FEEE) (tstamp 61512AA4)
    (at 39.37 18.796 270)
    (descr "Capacitor SMD 0805 (2012 Metric), square (rectangular) end terminal, IPC_7351 nominal, (Body size source: IPC-SM-782 page 76, https://www.pcb-3d.com/wordpress/wp-content/uploads/ipc-sm-782a_amendment_1_and_2.pdf, https://docs.google.com/spreadsheets/d/1BsfQQcO9C6DZCsRaXUlFlo91Tg2WpOkGARC1WS5S8t0/edit?usp=sharing), generated with kicad-footprint-generator")
    (tags capacitor)
    (path /614A208C)
    (attr smd)
    (fp_text reference C3 (at 0 -1.68 90) (layer F.SilkS)
      (effects (font (size 1 1) (thickness 0.15)))
    )
    (fp_text value 100nF (at 0 1.68 90) (layer F.Fab)
      (effects (font (size 1 1) (thickness 0.15)))
    )
    (fp_line (start 1.7 0.98) (end -1.7 0.98) (layer F.CrtYd) (width 0.05))
    (fp_line (start 1.7 -0.98) (end 1.7 0.98) (layer F.CrtYd) (width 0.05))
    (fp_line (start -1.7 -0.98) (end 1.7 -0.98) (layer F.CrtYd) (width 0.05))
    (fp_line (start -1.7 0.98) (end -1.7 -0.98) (layer F.CrtYd) (width 0.05))
    (fp_line (start -0.261252 0.735) (end 0.261252 0.735) (layer F.SilkS) (width 0.12))
    (fp_line (start -0.261252 -0.735) (end 0.261252 -0.735) (layer F.SilkS) (width 0.12))
    (fp_line (start 1 0.625) (end -1 0.625) (layer F.Fab) (width 0.1))
    (fp_line (start 1 -0.625) (end 1 0.625) (layer F.Fab) (width 0.1))
    (fp_line (start -1 -0.625) (end 1 -0.625) (layer F.Fab) (width 0.1))
    (fp_line (start -1 0.625) (end -1 -0.625) (layer F.Fab) (width 0.1))
    (fp_text user %R (at 0 0 90) (layer F.Fab)
      (effects (font (size 0.5 0.5) (thickness 0.08)))
    )
    (pad 1 smd roundrect (at -0.95 0 270) (size 1 1.45) (layers F.Cu F.Paste F.Mask) (roundrect_rratio 0.25)
      (net 2 GND))
    (pad 2 smd roundrect (at 0.95 0 270) (size 1 1.45) (layers F.Cu F.Paste F.Mask) (roundrect_rratio 0.25)
      (net 4 "Net-(C3-Pad2)"))
    (model ${KISYS3DMOD}/Capacitor_SMD.3dshapes/C_0805_2012Metric.wrl
      (at (xyz 0 0 0))
      (scale (xyz 1 1 1))
      (rotate (xyz 0 0 0))
    )
  )

  (module Capacitor_SMD:C_1206_3216Metric (layer F.Cu) (tedit 5F68FEEE) (tstamp 61512AB5)
    (at 76.835 63.5 90)
    (descr "Capacitor SMD 1206 (3216 Metric), square (rectangular) end terminal, IPC_7351 nominal, (Body size source: IPC-SM-782 page 76, https://www.pcb-3d.com/wordpress/wp-content/uploads/ipc-sm-782a_amendment_1_and_2.pdf), generated with kicad-footprint-generator")
    (tags capacitor)
    (path /6185BAAA)
    (attr smd)
    (fp_text reference C4 (at 0 -1.85 90) (layer F.SilkS)
      (effects (font (size 1 1) (thickness 0.15)))
    )
    (fp_text value 4.7uF (at 0 1.85 90) (layer F.Fab)
      (effects (font (size 1 1) (thickness 0.15)))
    )
    (fp_line (start -1.6 0.8) (end -1.6 -0.8) (layer F.Fab) (width 0.1))
    (fp_line (start -1.6 -0.8) (end 1.6 -0.8) (layer F.Fab) (width 0.1))
    (fp_line (start 1.6 -0.8) (end 1.6 0.8) (layer F.Fab) (width 0.1))
    (fp_line (start 1.6 0.8) (end -1.6 0.8) (layer F.Fab) (width 0.1))
    (fp_line (start -0.711252 -0.91) (end 0.711252 -0.91) (layer F.SilkS) (width 0.12))
    (fp_line (start -0.711252 0.91) (end 0.711252 0.91) (layer F.SilkS) (width 0.12))
    (fp_line (start -2.3 1.15) (end -2.3 -1.15) (layer F.CrtYd) (width 0.05))
    (fp_line (start -2.3 -1.15) (end 2.3 -1.15) (layer F.CrtYd) (width 0.05))
    (fp_line (start 2.3 -1.15) (end 2.3 1.15) (layer F.CrtYd) (width 0.05))
    (fp_line (start 2.3 1.15) (end -2.3 1.15) (layer F.CrtYd) (width 0.05))
    (fp_text user %R (at 0 0 90) (layer F.Fab)
      (effects (font (size 0.8 0.8) (thickness 0.12)))
    )
    (pad 2 smd roundrect (at 1.475 0 90) (size 1.15 1.8) (layers F.Cu F.Paste F.Mask) (roundrect_rratio 0.217391)
      (net 5 "Net-(C4-Pad2)"))
    (pad 1 smd roundrect (at -1.475 0 90) (size 1.15 1.8) (layers F.Cu F.Paste F.Mask) (roundrect_rratio 0.217391)
      (net 2 GND))
    (model ${KISYS3DMOD}/Capacitor_SMD.3dshapes/C_1206_3216Metric.wrl
      (at (xyz 0 0 0))
      (scale (xyz 1 1 1))
      (rotate (xyz 0 0 0))
    )
  )

  (module Capacitor_SMD:C_1206_3216Metric (layer F.Cu) (tedit 5F68FEEE) (tstamp 61512AC6)
    (at 60.452 56.388)
    (descr "Capacitor SMD 1206 (3216 Metric), square (rectangular) end terminal, IPC_7351 nominal, (Body size source: IPC-SM-782 page 76, https://www.pcb-3d.com/wordpress/wp-content/uploads/ipc-sm-782a_amendment_1_and_2.pdf), generated with kicad-footprint-generator")
    (tags capacitor)
    (path /6185B25D)
    (attr smd)
    (fp_text reference C5 (at 0 -1.85) (layer F.SilkS)
      (effects (font (size 1 1) (thickness 0.15)))
    )
    (fp_text value 4.7uF (at 0 1.85) (layer F.Fab)
      (effects (font (size 1 1) (thickness 0.15)))
    )
    (fp_line (start 2.3 1.15) (end -2.3 1.15) (layer F.CrtYd) (width 0.05))
    (fp_line (start 2.3 -1.15) (end 2.3 1.15) (layer F.CrtYd) (width 0.05))
    (fp_line (start -2.3 -1.15) (end 2.3 -1.15) (layer F.CrtYd) (width 0.05))
    (fp_line (start -2.3 1.15) (end -2.3 -1.15) (layer F.CrtYd) (width 0.05))
    (fp_line (start -0.711252 0.91) (end 0.711252 0.91) (layer F.SilkS) (width 0.12))
    (fp_line (start -0.711252 -0.91) (end 0.711252 -0.91) (layer F.SilkS) (width 0.12))
    (fp_line (start 1.6 0.8) (end -1.6 0.8) (layer F.Fab) (width 0.1))
    (fp_line (start 1.6 -0.8) (end 1.6 0.8) (layer F.Fab) (width 0.1))
    (fp_line (start -1.6 -0.8) (end 1.6 -0.8) (layer F.Fab) (width 0.1))
    (fp_line (start -1.6 0.8) (end -1.6 -0.8) (layer F.Fab) (width 0.1))
    (fp_text user %R (at 0 0) (layer F.Fab)
      (effects (font (size 0.8 0.8) (thickness 0.12)))
    )
    (pad 1 smd roundrect (at -1.475 0) (size 1.15 1.8) (layers F.Cu F.Paste F.Mask) (roundrect_rratio 0.217391)
      (net 2 GND))
    (pad 2 smd roundrect (at 1.475 0) (size 1.15 1.8) (layers F.Cu F.Paste F.Mask) (roundrect_rratio 0.217391)
      (net 5 "Net-(C4-Pad2)"))
    (model ${KISYS3DMOD}/Capacitor_SMD.3dshapes/C_1206_3216Metric.wrl
      (at (xyz 0 0 0))
      (scale (xyz 1 1 1))
      (rotate (xyz 0 0 0))
    )
  )

  (module Capacitor_SMD:C_1206_3216Metric (layer F.Cu) (tedit 5F68FEEE) (tstamp 61512AD7)
    (at 65.405 48.26 270)
    (descr "Capacitor SMD 1206 (3216 Metric), square (rectangular) end terminal, IPC_7351 nominal, (Body size source: IPC-SM-782 page 76, https://www.pcb-3d.com/wordpress/wp-content/uploads/ipc-sm-782a_amendment_1_and_2.pdf), generated with kicad-footprint-generator")
    (tags capacitor)
    (path /6185AB3C)
    (attr smd)
    (fp_text reference C6 (at 0 -1.85 90) (layer F.SilkS)
      (effects (font (size 1 1) (thickness 0.15)))
    )
    (fp_text value 4.7uF (at 0 1.85 90) (layer F.Fab)
      (effects (font (size 1 1) (thickness 0.15)))
    )
    (fp_line (start -1.6 0.8) (end -1.6 -0.8) (layer F.Fab) (width 0.1))
    (fp_line (start -1.6 -0.8) (end 1.6 -0.8) (layer F.Fab) (width 0.1))
    (fp_line (start 1.6 -0.8) (end 1.6 0.8) (layer F.Fab) (width 0.1))
    (fp_line (start 1.6 0.8) (end -1.6 0.8) (layer F.Fab) (width 0.1))
    (fp_line (start -0.711252 -0.91) (end 0.711252 -0.91) (layer F.SilkS) (width 0.12))
    (fp_line (start -0.711252 0.91) (end 0.711252 0.91) (layer F.SilkS) (width 0.12))
    (fp_line (start -2.3 1.15) (end -2.3 -1.15) (layer F.CrtYd) (width 0.05))
    (fp_line (start -2.3 -1.15) (end 2.3 -1.15) (layer F.CrtYd) (width 0.05))
    (fp_line (start 2.3 -1.15) (end 2.3 1.15) (layer F.CrtYd) (width 0.05))
    (fp_line (start 2.3 1.15) (end -2.3 1.15) (layer F.CrtYd) (width 0.05))
    (fp_text user %R (at 0 0 90) (layer F.Fab)
      (effects (font (size 0.8 0.8) (thickness 0.12)))
    )
    (pad 2 smd roundrect (at 1.475 0 270) (size 1.15 1.8) (layers F.Cu F.Paste F.Mask) (roundrect_rratio 0.217391)
      (net 5 "Net-(C4-Pad2)"))
    (pad 1 smd roundrect (at -1.475 0 270) (size 1.15 1.8) (layers F.Cu F.Paste F.Mask) (roundrect_rratio 0.217391)
      (net 2 GND))
    (model ${KISYS3DMOD}/Capacitor_SMD.3dshapes/C_1206_3216Metric.wrl
      (at (xyz 0 0 0))
      (scale (xyz 1 1 1))
      (rotate (xyz 0 0 0))
    )
  )

  (module Capacitor_SMD:C_1206_3216Metric (layer F.Cu) (tedit 5F68FEEE) (tstamp 61512AE8)
    (at 65.405 63.5 90)
    (descr "Capacitor SMD 1206 (3216 Metric), square (rectangular) end terminal, IPC_7351 nominal, (Body size source: IPC-SM-782 page 76, https://www.pcb-3d.com/wordpress/wp-content/uploads/ipc-sm-782a_amendment_1_and_2.pdf), generated with kicad-footprint-generator")
    (tags capacitor)
    (path /61858442)
    (attr smd)
    (fp_text reference C7 (at 0 -1.85 90) (layer F.SilkS)
      (effects (font (size 1 1) (thickness 0.15)))
    )
    (fp_text value 4.7uF (at 0 1.85 90) (layer F.Fab)
      (effects (font (size 1 1) (thickness 0.15)))
    )
    (fp_line (start 2.3 1.15) (end -2.3 1.15) (layer F.CrtYd) (width 0.05))
    (fp_line (start 2.3 -1.15) (end 2.3 1.15) (layer F.CrtYd) (width 0.05))
    (fp_line (start -2.3 -1.15) (end 2.3 -1.15) (layer F.CrtYd) (width 0.05))
    (fp_line (start -2.3 1.15) (end -2.3 -1.15) (layer F.CrtYd) (width 0.05))
    (fp_line (start -0.711252 0.91) (end 0.711252 0.91) (layer F.SilkS) (width 0.12))
    (fp_line (start -0.711252 -0.91) (end 0.711252 -0.91) (layer F.SilkS) (width 0.12))
    (fp_line (start 1.6 0.8) (end -1.6 0.8) (layer F.Fab) (width 0.1))
    (fp_line (start 1.6 -0.8) (end 1.6 0.8) (layer F.Fab) (width 0.1))
    (fp_line (start -1.6 -0.8) (end 1.6 -0.8) (layer F.Fab) (width 0.1))
    (fp_line (start -1.6 0.8) (end -1.6 -0.8) (layer F.Fab) (width 0.1))
    (fp_text user %R (at 0 0 90) (layer F.Fab)
      (effects (font (size 0.8 0.8) (thickness 0.12)))
    )
    (pad 1 smd roundrect (at -1.475 0 90) (size 1.15 1.8) (layers F.Cu F.Paste F.Mask) (roundrect_rratio 0.217391)
      (net 2 GND))
    (pad 2 smd roundrect (at 1.475 0 90) (size 1.15 1.8) (layers F.Cu F.Paste F.Mask) (roundrect_rratio 0.217391)
      (net 5 "Net-(C4-Pad2)"))
    (model ${KISYS3DMOD}/Capacitor_SMD.3dshapes/C_1206_3216Metric.wrl
      (at (xyz 0 0 0))
      (scale (xyz 1 1 1))
      (rotate (xyz 0 0 0))
    )
  )

  (module Capacitor_SMD:C_0805_2012Metric (layer F.Cu) (tedit 5F68FEEE) (tstamp 61512AF9)
    (at 80.772 59.944 180)
    (descr "Capacitor SMD 0805 (2012 Metric), square (rectangular) end terminal, IPC_7351 nominal, (Body size source: IPC-SM-782 page 76, https://www.pcb-3d.com/wordpress/wp-content/uploads/ipc-sm-782a_amendment_1_and_2.pdf, https://docs.google.com/spreadsheets/d/1BsfQQcO9C6DZCsRaXUlFlo91Tg2WpOkGARC1WS5S8t0/edit?usp=sharing), generated with kicad-footprint-generator")
    (tags capacitor)
    (path /6184FC47)
    (attr smd)
    (fp_text reference C8 (at 0 -1.68) (layer F.SilkS)
      (effects (font (size 1 1) (thickness 0.15)))
    )
    (fp_text value 100nF (at 0 1.68) (layer F.Fab)
      (effects (font (size 1 1) (thickness 0.15)))
    )
    (fp_line (start 1.7 0.98) (end -1.7 0.98) (layer F.CrtYd) (width 0.05))
    (fp_line (start 1.7 -0.98) (end 1.7 0.98) (layer F.CrtYd) (width 0.05))
    (fp_line (start -1.7 -0.98) (end 1.7 -0.98) (layer F.CrtYd) (width 0.05))
    (fp_line (start -1.7 0.98) (end -1.7 -0.98) (layer F.CrtYd) (width 0.05))
    (fp_line (start -0.261252 0.735) (end 0.261252 0.735) (layer F.SilkS) (width 0.12))
    (fp_line (start -0.261252 -0.735) (end 0.261252 -0.735) (layer F.SilkS) (width 0.12))
    (fp_line (start 1 0.625) (end -1 0.625) (layer F.Fab) (width 0.1))
    (fp_line (start 1 -0.625) (end 1 0.625) (layer F.Fab) (width 0.1))
    (fp_line (start -1 -0.625) (end 1 -0.625) (layer F.Fab) (width 0.1))
    (fp_line (start -1 0.625) (end -1 -0.625) (layer F.Fab) (width 0.1))
    (fp_text user %R (at 0 0) (layer F.Fab)
      (effects (font (size 0.5 0.5) (thickness 0.08)))
    )
    (pad 1 smd roundrect (at -0.95 0 180) (size 1 1.45) (layers F.Cu F.Paste F.Mask) (roundrect_rratio 0.25)
      (net 2 GND))
    (pad 2 smd roundrect (at 0.95 0 180) (size 1 1.45) (layers F.Cu F.Paste F.Mask) (roundrect_rratio 0.25)
      (net 6 +3V3))
    (model ${KISYS3DMOD}/Capacitor_SMD.3dshapes/C_0805_2012Metric.wrl
      (at (xyz 0 0 0))
      (scale (xyz 1 1 1))
      (rotate (xyz 0 0 0))
    )
  )

  (module Capacitor_SMD:C_0805_2012Metric (layer F.Cu) (tedit 5F68FEEE) (tstamp 61512B0A)
    (at 80.772 56.896 180)
    (descr "Capacitor SMD 0805 (2012 Metric), square (rectangular) end terminal, IPC_7351 nominal, (Body size source: IPC-SM-782 page 76, https://www.pcb-3d.com/wordpress/wp-content/uploads/ipc-sm-782a_amendment_1_and_2.pdf, https://docs.google.com/spreadsheets/d/1BsfQQcO9C6DZCsRaXUlFlo91Tg2WpOkGARC1WS5S8t0/edit?usp=sharing), generated with kicad-footprint-generator")
    (tags capacitor)
    (path /61856C90)
    (attr smd)
    (fp_text reference C9 (at 0 -1.68) (layer F.SilkS)
      (effects (font (size 1 1) (thickness 0.15)))
    )
    (fp_text value 100nF (at 0 1.68) (layer F.Fab)
      (effects (font (size 1 1) (thickness 0.15)))
    )
    (fp_line (start 1.7 0.98) (end -1.7 0.98) (layer F.CrtYd) (width 0.05))
    (fp_line (start 1.7 -0.98) (end 1.7 0.98) (layer F.CrtYd) (width 0.05))
    (fp_line (start -1.7 -0.98) (end 1.7 -0.98) (layer F.CrtYd) (width 0.05))
    (fp_line (start -1.7 0.98) (end -1.7 -0.98) (layer F.CrtYd) (width 0.05))
    (fp_line (start -0.261252 0.735) (end 0.261252 0.735) (layer F.SilkS) (width 0.12))
    (fp_line (start -0.261252 -0.735) (end 0.261252 -0.735) (layer F.SilkS) (width 0.12))
    (fp_line (start 1 0.625) (end -1 0.625) (layer F.Fab) (width 0.1))
    (fp_line (start 1 -0.625) (end 1 0.625) (layer F.Fab) (width 0.1))
    (fp_line (start -1 -0.625) (end 1 -0.625) (layer F.Fab) (width 0.1))
    (fp_line (start -1 0.625) (end -1 -0.625) (layer F.Fab) (width 0.1))
    (fp_text user %R (at 0 0) (layer F.Fab)
      (effects (font (size 0.5 0.5) (thickness 0.08)))
    )
    (pad 1 smd roundrect (at -0.95 0 180) (size 1 1.45) (layers F.Cu F.Paste F.Mask) (roundrect_rratio 0.25)
      (net 2 GND))
    (pad 2 smd roundrect (at 0.95 0 180) (size 1 1.45) (layers F.Cu F.Paste F.Mask) (roundrect_rratio 0.25)
      (net 6 +3V3))
    (model ${KISYS3DMOD}/Capacitor_SMD.3dshapes/C_0805_2012Metric.wrl
      (at (xyz 0 0 0))
      (scale (xyz 1 1 1))
      (rotate (xyz 0 0 0))
    )
  )

  (module Capacitor_SMD:C_0805_2012Metric (layer F.Cu) (tedit 5F68FEEE) (tstamp 61512B1B)
    (at 80.645 53.34 180)
    (descr "Capacitor SMD 0805 (2012 Metric), square (rectangular) end terminal, IPC_7351 nominal, (Body size source: IPC-SM-782 page 76, https://www.pcb-3d.com/wordpress/wp-content/uploads/ipc-sm-782a_amendment_1_and_2.pdf, https://docs.google.com/spreadsheets/d/1BsfQQcO9C6DZCsRaXUlFlo91Tg2WpOkGARC1WS5S8t0/edit?usp=sharing), generated with kicad-footprint-generator")
    (tags capacitor)
    (path /61857473)
    (attr smd)
    (fp_text reference C10 (at 0 -1.68) (layer F.SilkS)
      (effects (font (size 1 1) (thickness 0.15)))
    )
    (fp_text value 100nF (at 0 1.68) (layer F.Fab)
      (effects (font (size 1 1) (thickness 0.15)))
    )
    (fp_line (start -1 0.625) (end -1 -0.625) (layer F.Fab) (width 0.1))
    (fp_line (start -1 -0.625) (end 1 -0.625) (layer F.Fab) (width 0.1))
    (fp_line (start 1 -0.625) (end 1 0.625) (layer F.Fab) (width 0.1))
    (fp_line (start 1 0.625) (end -1 0.625) (layer F.Fab) (width 0.1))
    (fp_line (start -0.261252 -0.735) (end 0.261252 -0.735) (layer F.SilkS) (width 0.12))
    (fp_line (start -0.261252 0.735) (end 0.261252 0.735) (layer F.SilkS) (width 0.12))
    (fp_line (start -1.7 0.98) (end -1.7 -0.98) (layer F.CrtYd) (width 0.05))
    (fp_line (start -1.7 -0.98) (end 1.7 -0.98) (layer F.CrtYd) (width 0.05))
    (fp_line (start 1.7 -0.98) (end 1.7 0.98) (layer F.CrtYd) (width 0.05))
    (fp_line (start 1.7 0.98) (end -1.7 0.98) (layer F.CrtYd) (width 0.05))
    (fp_text user %R (at 0 0) (layer F.Fab)
      (effects (font (size 0.5 0.5) (thickness 0.08)))
    )
    (pad 2 smd roundrect (at 0.95 0 180) (size 1 1.45) (layers F.Cu F.Paste F.Mask) (roundrect_rratio 0.25)
      (net 6 +3V3))
    (pad 1 smd roundrect (at -0.95 0 180) (size 1 1.45) (layers F.Cu F.Paste F.Mask) (roundrect_rratio 0.25)
